$ 1 0.000005 11.086722712598132 50 5 50
a 576 336 704 336 0 15 -15 1000000
172 496 320 448 320 0 6 -5 5 -5 0 0.5 Voltage
O 704 336 752 336 1
w 704 336 704 272 0
w 576 272 576 320 0
r 496 320 560 320 0 50000
r 480 400 560 400 0 33000
r 480 448 560 448 0 100000
174 288 416 352 480 0 10000 0.5099 Resistance
g 288 416 192 416 0
w 352 448 352 400 0
w 560 320 576 320 0
w 560 400 560 352 0
w 560 448 560 400 0
r 576 272 704 272 0 33000
172 480 448 432 448 0 6 0.09999999999999964 5 -5 0 0.5 Voltage
r 640 544 576 544 0 33000
w 352 400 480 400 0
R 288 480 208 480 0 0 40 3.3 0 0 0.5
w 560 320 560 352 0
o 2 64 0 550 10 0.00009765625 0 -1
